137.93460736459497 155.27585057898224
56.421087987537014 201.9076487079184
108.5740590860257 178.60901748841113
20.007227854190358 282.5398848305715
105.52096386415212 199.52548326887768
134.66540935520416 168.11360569387907
123.69064178937661 189.2021704252582
146.09663990363728 235.5495217103259
155.6996426235354 234.60066987160437
156.7354877944051 174.64304740303803
197.02140099960573 286.20081572151355
208.72136433689099 195.58364969396317
274.9772594948286 154.88146694187304
298.4268627324662 86.92000552333384
281.84600984524724 80.36691034635236
213.97878687977746 99.09799634764597
280.8302785145005 43.49765744963485
60.63276519634425 33.40295103550848
20.9816008728138 79.06026355855127
3.3584080629783575 134.11597313826996
53.558215571486514 148.0160823208924
