830.411 -957.562
202.681 -957.569
890.442 94.3441
-47.9745 -266.182
-851.562 -432.717
-873.095 461.772
-614.934 967.061
-767.412 -385.048
315.974 -964.286
-679.073 -764.932
285.907 92.6534
-37.9605 269.447
713.706 332.127
162.182 -218.285
948.005 -980.364
696.72 525.617
901.366 490.784
831.472 779.863
698.915 -317.314
966.576 -581.246
724.632 -23.1041
-949.426 -444.626
-802.09 238.426
-685.554 916.158
-974.154 598.828
-210.187 987.332
-627.421 -97.9623
47.0192 394.273
-596.564 -880.927
-886.699 -801.249
554.077 783.195
-294.496 82.3965
-615.714 892.097
990.525 -608.046
233.117 -508.73
696.122 -553.186
-470.186 -120.95
-545.309 294.379
937.56 -779.32
35.9096 -7.13368
-284.576 -609.052
-962.744 21.4898
-108.806 -140.328
-147.11 22.0841
0.148747 -11.1502
-902.294 -599.318
428.815 -975.385
571.398 674.289
-869.999 -148.372
0.465055 504.923
-590.505 899.702
-862.384 449.75
230.398 68.1596
622.518 748.825
216.019 -907.367
-375.476 -410.754
-766.226 991.209
668.946 699.233
-984.077 -177.97
725.939 472.654
-509.325 851.66
-622.44 -909.597
-766.766 176.473
-654.287 -804.035
-377.034 -494.032
-78.8326 918.456
-281.4 -179.608
-616.62 -940.897
-164.277 -15.5177
746.013 418.863
-525.302 61.0842
-65.0335 -552.829
404.022 -154.586
738.057 -531.104
-893.821 322.682
904.863 595.552
456.164 782.911
-394.874 992.006
584.835 -535.574
-999.886 220.512
237.223 216.718
-443.386 731.743
9.75824 556.478
771.659 -567.037
76.8347 665.091
897.549 231.286
150.753 591.254
242.176 945.142
-803.259 -355.997
-240.787 280.659
-692.498 734.892
369.001 706.466
835.599 -761.563
-603.776 570.59
768.189 308.322
739.626 -876.466
-567.394 -114.976
618.199 635.065
601.007 -762.503
-273.267 -114.074
-297.533 -407.907
971.367 374.374
-701.543 322.638
-894.664 313.991
545.619 -593.099
813.992 374.998
-202.785 714.846
-129.362 -303.867
-132.99 -391.696
365.122 -987.446
-844.041 988.819
-26.8904 279.357
-652.843 184.092
51.0329 239.316
89.8439 -580.562
813.248 167.546
461.491 -618.49
548.17 380.267
993.197 443.819
4.35932 644.549
-537.935 677.578
66.3107 298.491
313.847 179.301
-799.056 839.891
-311.332 177.339
635.188 -443.322
899.658 -524.022
-347.694 -630.379
789.642 446.358
958.331 96.2032
223.765 768.284
-512.512 -652.258
829.599 -818.374
576.471 333.025
-10.0747 700.531
739.822 304.208
680.182 609.715
173.864 970.149
-888.603 320.63
813.397 846.881
18.0426 -887.247
600.386 -152.517
-680.444 -438.336
695.758 197.51
-44.5364 842.025
-142.94 -370.473
768.524 -396.111
-546.633 -256.911
245.169 -245.53
271.358 590.925
65.8684 -431.047
-53.9719 809.942
776.712 349.068
-378.28 954.498
865.503 132.284
435.236 506.907
-611.929 -811.529
-559.307 544.47
-265.073 773.877
362.426 563.982
828.802 -252.759
-828.216 581.045
617.935 835.721
-533.184 -891.866
500.6 956.899
173.851 742.507
866.696 -520.86
631.791 -468.968
-249.534 963.513
-127.329 -595.536
-581.87 349.123
-624.447 356.027
904.977 -18.5376
-733.765 671.64
294.433 988.595
961.249 329.079
-661.171 629.983
735.374 123.693
195.808 -599.663
-252.444 775.516
159.894 -989.172
641.858 243.333
-776.51 -216.098
138.809 -618.567
248.082 72.4194
354.741 910.771
829.545 -821.728
780.24 -970.803
-434.859 470.282
-114.393 -516.899
-561.1 529.874
309.587 -75.4648
379.668 88.4392
-278.64 0.0756355
241.113 -760.952
-343.616 -386.87
-439.511 -424.415
590.771 -984.909
-837.388 -72.8309
-793.079 4.34599
867.21 301.161
-93.3499 -738.466
-998.433 -54.6194
619.473 -483.471
652.273 679.124
-439.257 551.87
-292.68 -242.948
-773.545 255.306
-316.925 -244.109
554.479 -273.015
-376.09 -529.764
-676.031 -678.611
711.623 -980.765
7.16386 -637.954
94.6037 -840.069
500.211 540.202
204.384 -553.088
429.017 587.881
-311.736 317.663
-248.219 119.856
944.03 131.78
-730.233 -673.993
-913.477 -902.658
404.757 -303.213
-254.488 -915.544
-879.988 616.505
241.543 81.7131
106.977 781.569
-251.335 867.923
137.775 507.892
-84.5811 53.8671
-599.174 -48.0099
983.663 -312.593
826.963 663.81
156.295 -746.266
523.103 764.181
97.0912 922.976
-950.104 -599.106
-880.217 -695.854
-549.58 -521.56
800.716 201.237
-132.504 -903.183
813.556 -641.879
175.739 49.0809
940.357 -927.192
955.071 37.9482
425.976 -966.034
254.878 801.764
-594.245 557.933
857.266 -749.389
830.395 272.734
621.561 -190.288
-791.411 639.629
-490.286 -333.791
619.255 50.4928
-19.0061 -444.131
-705.459 994.959
-72.8137 -379.55
455.019 46.3852
623.619 -664.806
-886.527 -16.7158
40.7025 -160.03
432.381 249.047
220.788 -751.465
26.3251 521.684
799.731 275.188
192.76 595.448
-756.293 925.641
957.7 -221.642
532.816 916.673
-764.684 -778.706
607.302 870.761
-746.267 388.854
-758.303 -53.6766
675.01 -195.542
327.737 144.658
-326.553 -798.635
-241.784 413.221
-370.767 -775.071
770.966 764.764
721.279 -421.404
-638.049 921.999
-822.789 -862.678
811.045 -345.489
175.192 -185.927
-207.742 -59.2497
-461.314 594.675
-216.743 401.407
126.435 -563.519
874.337 124.845
744.657 291.151
-667.096 -153.79
-558.936 696.646
-19.0784 -411.524
-116.768 512.358
594.432 -972.384
-754.292 -909.651
620.498 853.804
-584.605 -604.89
-199.883 723.763
-374.528 -234.691
56.3641 -486.178
-901.755 478.266
-786.795 429.955
-711.824 613.636
-836.92 743.189
-928.753 476.539
934.641 -572.569
-532.574 199.797
-703.113 514.833
711.609 -263.663
-50.3313 158.282
275.041 501.005
-253.08 167.138
-838.852 -325.448
937.512 -779.295
-227.806 77.5061
-235.191 -855.349
909.681 -183.816
73.9065 540.333
-552.826 -841.258
547.131 -40.8731
-32.6742 799.941
-689.27 -681.078
464.984 -259.984
-614.844 -503.819
551.321 404.76
-129.269 -689.938
-870.928 -250.94
644.055 975.785
-427.767 -24.1694
910.83 -514.971
-540.064 482.672
-320.97 245.024
286.013 -127.699
312.052 -280.447
-641.099 518.233
900.897 -495.726
-260.199 -705.064
44.0092 -998.584
244.824 560.007
-888.696 -173.938
311.476 502.377
604.245 772.187
866.595 -16.4956
-632.548 341.227
-993.839 -306.711
772.734 117.939
929.072 -915.484
629.17 -502.209
-414.308 935.026
574.1 -304.769
-86.9478 -945.765
765.907 448.791
-490.152 859.876
548.398 -759.283
526.952 468.822
580.566 -191.644
-730.279 371.847
341.138 369.714
-65.2788 834.102
-358.001 -624.465
177.499 -742.817
358.992 572.394
-100.492 169.674
-496.668 -613.135
24.2192 807.555
397.757 662.726
638.081 335.803
-396.508 -818.56
-725.679 -48.0766
-94.6502 927.69
845.886 398.053
-501.634 966.051
974.466 -956.562
631.771 -922.624
-562.878 -448.85
655.593 -709.224
512.349 326.949
-189.817 -584.922
-719.173 -899.716
638.854 550.34
-46.3755 -981.939
-751.324 716.864
-604.599 -249.013
-708.241 -512.228
-382.486 156.545
-242.617 401.279
-884.844 266.722
765.24 -845.772
692.915 551.938
711.495 -413.563
-979.677 999.866
396.766 -861.179
-845.884 -72.5167
158.992 506.234
-344.814 -803.061
846.377 -842.583
-131.307 407.263
209.507 -379.851
952.025 -849.002
897.266 -620.356
771.373 794.274
497.7 975.8
755.231 -238.76
-28.7246 126.639
-536.239 -524.945
-626.128 -462.901
11.7611 -543.361
500.06 -366.884
-354.217 600.785
-16.7369 849.596
690.815 -19.1025
-387.874 -955.365
-249.62 39.9416
-901.905 617.039
-758.47 609.032
-305.501 -475.71
-722.744 -796.903
-523.17 -421.834
416.187 157.009
437.835 877.298
-897.288 499.099
937.115 658.026
-653.113 554.523
-997.069 67.8114
907.188 -488.462
125.042 -166.724
-553.156 679.541
-729.996 102.24
991.787 -671.892
-36.4647 71.1019
452.833 125.165
906.1 689.733
-352.032 639.979
-31.6303 688.048
-12.1279 689.135
157.389 582.772
-568.834 -1.23818
-948.03 -988.801
467.941 -628.687
176.395 -243.034
-666.093 843.498
51.9839 -64.684
767.253 -666.976
137.457 -131.749
985.727 -726.39
-266.28 -328.309
993.629 393.136
-468.936 222.498
527.699 303.087
241.389 -953.84
-853.048 912.249
-84.1008 484.633
-45.1395 -232.091
13.9982 -368.068
-346.816 -420.837
-414.057 5.16605
-790.904 326.788
-467.124 54.8584
379.646 -324.457
982.096 444.109
-630.242 -942.403
-294.686 -953.585
-173.483 -137.748
932.192 258.93
397.254 -452.624
-43.1211 -696.565
-577.752 -85.6717
754.659 257.436
-456.984 -634.049
-748.167 -418.773
942.971 375.754
568.982 -480.21
-206.671 -794.656
252.585 -346.691
-932.223 775.569
997.238 81.1794
376.357 -386.085
862.97 -972.323
983.213 758.342
-725.41 -126.86
-712.093 795.777
825.901 -948.77
442.455 -592.28
161.837 595.66
-16.8147 -21.8696
-896.844 976.773
840.537 393.33
955.425 718.97
-797.424 932.719
704.776 585.006
189.005 958.325
853.15 25.3457
-312.214 -14.823
52.8684 -52.9214
686.667 949.421
-617.789 -506.848
221.506 -365.753
-226.586 -110.548
